p0_hz: -40.94100121489569
p1_hz: 8.43367373698463
p2_hz: 58.36539338004633
v3_hartree: 0.9426276149836899
delta2_hz: 0.536754620898387
delta3_hz: 0.3923735171262718
numerov_hz: 0.05211809711282993
freq_cm1: 1159.0293163130686
freq_harmonic_cm1: 1151.6803235058098
