p0_hz: -40.94100121489569
p1_hz: 8.43367373698463
p2_hz: 58.36539338004633
v3_hartree: 0.9319173339121667
delta2_hz: 0.536754620898387
delta3_hz: 0.39401399760683026
numerov_hz: 0.4775834235040407
freq_cm1: 1009.9385546996762
freq_harmonic_cm1: 1012.2022224123954
