p0_hz: -34.525984988312985
p1_hz: 15.545474352205481
p2_hz: 29.779328171365766
v3_hartree: 0.9319173339121667
delta2_hz: 0.27386420406950746
delta3_hz: 0.010755769050762089
numerov_hz: 0.01852677666116078
freq_cm1: 1009.9385546996762
freq_harmonic_cm1: 1012.2022224123954
