p0_hz: -34.525984988312985
p1_hz: 15.545474352205481
p2_hz: 29.779328171365766
v3_hartree: 0.9179291612826284
delta2_hz: 0.27386420406950746
delta3_hz: 0.014705053043452312
numerov_hz: 0.05462863117857231
freq_cm1: 968.6829307009546
freq_harmonic_cm1: 965.0652550722739
