p0_hz: -37.55376084661562
p1_hz: 10.952066661113838
p2_hz: 34.80322748393978
v3_hartree: 0.9319173339121667
delta2_hz: 0.32006626002745175
delta3_hz: 0.13470162887241596
numerov_hz: 0.1504506010179086
freq_cm1: 1009.9385546996762
freq_harmonic_cm1: 1012.2022224123954
