p0_hz: 30.62542139149905
p1_hz: -12.973296921747771
p2_hz: -16.858738247318104
v3_hartree: 0.3132729915176766
delta2_hz: -0.27434381483987136
delta3_hz: -0.042909463981562104
numerov_hz: -0.08578601970012932
freq_cm1: 973.863965390115
freq_harmonic_cm1: 969.5513163180133
