p0_hz: 34.96865925843934
p1_hz: -4.200482234190931
p2_hz: -41.86504577330609
v3_hartree: 0.324722517928016
delta2_hz: -0.6812737820234994
delta3_hz: -0.6036014998510104
numerov_hz: -0.18172088831093322
freq_cm1: 1137.6865314639767
freq_harmonic_cm1: 1136.9304769137952
