p0_hz: 30.62542139149905
p1_hz: -12.973296921747771
p2_hz: -16.858738247318104
v3_hartree: 0.31835960394400964
delta2_hz: -0.27434381483987136
delta3_hz: -0.03915166526660403
numerov_hz: -0.048793530269849145
freq_cm1: 1010.2867900493549
freq_harmonic_cm1: 1012.3867838973051
