p0_hz: 34.96865925843934
p1_hz: -4.200482234190931
p2_hz: -41.86504577330609
v3_hartree: 0.31835960394400964
delta2_hz: -0.6812737820234994
delta3_hz: -0.6051234825381321
numerov_hz: -0.7079345961736455
freq_cm1: 1010.2867900493549
freq_harmonic_cm1: 1012.3867838973051
