p0_hz: 33.27750039047596
p1_hz: -9.726323591385073
p2_hz: -20.252435863019823
v3_hartree: 0.31835960394400964
delta2_hz: -0.3295697716491062
delta3_hz: -0.15324181379066107
numerov_hz: -0.17005914897690602
freq_cm1: 1010.2867900493549
freq_harmonic_cm1: 1012.3867838973051
