p0_hz: -48.075195341251714
p1_hz: -3.052161569465834
p2_hz: 2.1656588625160844
v3_hartree: 0.5086081034041984
delta2_hz: 0.01618997680020937
delta3_hz: 0.03551784976034895
numerov_hz: 0.03502375984296729
freq_cm1: 981.1473833475387
freq_harmonic_cm1: 976.6456507352237
