p0_hz: 34.97157276902349
p1_hz: 43.76279147570551
p2_hz: 76.29948517092414
v3_hartree: -0.3695004121848818
delta2_hz: 0.5921142932780258
delta3_hz: 0.8091113148540319
numerov_hz: 0.8363672611393985
freq_cm1: 980.8215118043724
freq_harmonic_cm1: 976.3286435529425
