p0_hz: 33.27760799011221
p1_hz: -7.127827718503884
p2_hz: -11.196017195089158
v3_hartree: -0.3695004121848818
delta2_hz: -0.0868855378794235
delta3_hz: -0.12222874458690437
numerov_hz: -0.11942131631728559
freq_cm1: 980.8215118043724
freq_harmonic_cm1: 976.3286435529425
