p0_hz: 30.625644220153067
p1_hz: -20.198214950597105
p2_hz: -18.251440282522264
v3_hartree: -0.3695004121848818
delta2_hz: -0.14163842180562997
delta3_hz: -0.2417909106582819
numerov_hz: -0.23671858695595782
freq_cm1: 980.8215118043724
freq_harmonic_cm1: 976.3286435529425
