p0_hz: 30.625644220153067
p1_hz: -20.198214950597105
p2_hz: -18.251440282522264
v3_hartree: -0.3653435115339231
delta2_hz: -0.14163842180562997
delta3_hz: -0.2406641894629117
numerov_hz: -0.23415444033069724
freq_cm1: 978.9598305343528
freq_harmonic_cm1: 975.1655221612958
