p0_hz: 34.97157276902349
p1_hz: 43.76279147570551
p2_hz: 76.29948517092414
v3_hartree: -0.3675540731305396
delta2_hz: 0.5921142932780258
delta3_hz: 0.8079682856074014
numerov_hz: 0.8391440205588123
freq_cm1: 965.6831382709044
freq_harmonic_cm1: 956.92815476177
