p0_hz: -37.55381478288236
p1_hz: -5.587889993999754
p2_hz: 6.487309610165758
v3_hartree: 0.3897633131138459
delta2_hz: 0.05039225469010229
delta3_hz: 0.07965713585921337
numerov_hz: 0.07816878850325443
freq_cm1: 981.7354967876942
freq_harmonic_cm1: 977.2922739173553
