p0_hz: -34.525920740129266
p1_hz: -18.13294876954699
p2_hz: 9.461762234894351
v3_hartree: 0.3847520177945062
delta2_hz: 0.07349726789836455
delta3_hz: 0.16724209223376152
numerov_hz: 0.1632696204689228
freq_cm1: 979.727213267632
freq_harmonic_cm1: 976.0741844458574
