p0_hz: -40.942450157615276
p1_hz: 43.63230370340152
p2_hz: -74.73511688153388
v3_hartree: 0.3881302469632676
delta2_hz: -0.5805289512138132
delta3_hz: -0.8080824885559437
numerov_hz: -0.8334633505291605
freq_cm1: 966.4227690954707
freq_harmonic_cm1: 957.1651169122937
