p0_hz: -40.942450157615276
p1_hz: 43.63230370340152
p2_hz: -74.73511688153388
v3_hartree: 0.3897633131138459
delta2_hz: -0.5805289512138132
delta3_hz: -0.8090399248345777
numerov_hz: -0.8284093248782447
freq_cm1: 981.7354967876942
freq_harmonic_cm1: 977.2922739173553
