p0_hz: -34.525920740129266
p1_hz: -18.13294876954699
p2_hz: 9.461762234894351
v3_hartree: 0.3897633131138459
delta2_hz: 0.07349726789836455
delta3_hz: 0.16846309427579684
numerov_hz: 0.16558444708951528
freq_cm1: 981.7354967876942
freq_harmonic_cm1: 977.2922739173553
